67 30 67 67
104 30 104 67
178 30 141 30
215 30 178 30
363 30 363 67
67 67 67 30
178 67 178 30
215 67 178 67
252 67 215 67
326 67 326 30
363 67 326 67
30 104 30 67
67 104 30 104
215 104 178 104
289 104 252 104
326 104 289 104
30 141 67 141
252 141 252 104
289 141 252 141
326 141 289 141
30 178 67 178
141 178 141 141
178 178 178 141
289 178 252 178
326 178 326 141
363 178 326 178
30 215 67 215
67 215 67 178
141 215 104 215
215 215 178 215
289 215 252 215
326 215 326 178
363 215 326 215
67 252 30 252
141 252 141 215
215 252 178 252
252 252 252 215
363 252 326 252
30 289 67 289
104 289 104 252
141 289 104 289
178 289 141 289
215 289 215 252
326 289 326 252
67 326 30 326
104 326 67 326
178 326 141 326
252 326 215 326
30 363 30 326
104 363 67 363
141 363 141 326
215 363 215 326
289 363 252 363
